Epoch: 1	 Loss: 5.186640751600265	 Accuracy: 0.01255
Epoch: 2	 Loss: 4.982932839393616	 Accuracy: 0.02067
